[gd_scene load_steps=4 format=3 uid="uid://ciqdud4lbyi7g"]

[ext_resource type="Script" path="res://scripts/CameraController.tres.gd" id="1_05hpm"]

[sub_resource type="CameraAttributesPractical" id="CameraAttributesPractical_n67vv"]
auto_exposure_scale = 0.8
dof_blur_far_distance = 30.0
dof_blur_far_transition = 20.0
dof_blur_near_enabled = true
dof_blur_near_distance = 4.0
dof_blur_near_transition = 2.0
dof_blur_amount = 0.3
auto_exposure_min_sensitivity = 57.66
auto_exposure_max_sensitivity = 500.0

[sub_resource type="CylinderShape3D" id="CylinderShape3D_5qkcs"]
height = 8.0
radius = 0.3

[node name="Tripod" type="Node3D"]
script = ExtResource("1_05hpm")
final_fov = 50.0
initial_up_rot = 28.0
final_up_rot = -4.0
final_up_rot_small = -10.0

[node name="SpinControl" type="Node3D" parent="."]
transform = Transform3D(-0.866025, 0, 0.5, 0, 1, 0, -0.5, 0, -0.866025, 0, 0, 0)

[node name="Camera3D" type="Camera3D" parent="SpinControl"]
transform = Transform3D(1, 3.10507e-08, -1.76097e-07, 0, 0.984808, 0.173648, 1.78814e-07, -0.173648, 0.984808, 0, 2.8, 0)
attributes = SubResource("CameraAttributesPractical_n67vv")
fov = 60.0

[node name="DirectionalLight3D" type="DirectionalLight3D" parent="SpinControl"]
transform = Transform3D(0.99863, 0.052336, -2.38419e-07, -0.0509111, 0.971443, 0.231748, 0.012129, -0.23143, 0.972776, 8.10036, 4.2029, 5.30195)
light_color = Color(0.956863, 0.929412, 0.854902, 1)
shadow_opacity = 0.26
shadow_blur = 2.086
sky_mode = 1

[node name="RimLight" type="DirectionalLight3D" parent="SpinControl"]
transform = Transform3D(-0.772636, -0.0643144, 0.631583, -0.357807, 0.865907, -0.349541, -0.524412, -0.496053, -0.692043, 4.48188, 4.2029, 4.71327)
visible = false
light_color = Color(0.705882, 0.862745, 0.882353, 1)
light_energy = 2.8
shadow_opacity = 0.26
shadow_blur = 2.086
sky_mode = 1

[node name="ShapeCast3D" type="ShapeCast3D" parent="SpinControl"]
transform = Transform3D(1, 0, 0, 0, -4.37114e-08, -1, 0, 1, -4.37114e-08, 0, 1, 0)
shape = SubResource("CylinderShape3D_5qkcs")
target_position = Vector3(0, -5, 0)
collision_mask = 2

[node name="CSGBox3D" type="CSGBox3D" parent="."]
transform = Transform3D(1, 0, 0, 0, 1, 0, 0, 0, 1, -1.57007, 1.40995, 2.40578)
visible = false
